0	 1.000000	 0.000000	 0.000000	 0.000000	-0.000000	 1.000000	-0.000000	-0.000000	 0.000000	 0.000000	 1.000000	 0.000000	 0.000000	 0.000000	 0.000000	 1.000000
1	 0.999989	 0.003302	 0.003453	 0.000042	-0.003319	 0.999979	 0.005679	 0.000545	-0.003433	-0.005692	 0.999977	 0.011220	 0.000000	 0.000000	 0.000000	 1.000000
2	 0.999979	 0.003718	 0.005381	 0.000532	-0.003778	 0.999927	 0.011609	 0.001680	-0.005337	-0.011632	 0.999916	 0.021692	 0.000000	 0.000000	 0.000000	 1.000000
3	 0.999966	 0.004087	 0.007295	 0.001688	-0.004194	 0.999879	 0.015150	 0.003016	-0.007231	-0.015183	 0.999856	 0.032965	 0.000000	 0.000000	 0.000000	 1.000000
4	 0.999959	 0.006098	 0.006858	 0.003769	-0.006197	 0.999870	 0.015012	 0.004668	-0.006764	-0.015057	 0.999861	 0.046942	 0.000000	 0.000000	 0.000000	 1.000000
5	 0.999968	 0.006720	 0.004461	 0.005959	-0.006774	 0.999896	 0.012890	 0.006211	-0.004373	-0.012923	 0.999905	 0.059411	 0.000000	 0.000000	 0.000000	 1.000000
6	 0.999972	 0.007361	 0.001862	 0.008661	-0.007378	 0.999911	 0.011214	 0.007685	-0.001779	-0.011229	 0.999933	 0.072392	 0.000000	 0.000000	 0.000000	 1.000000
7	 0.999979	 0.006381	-0.001468	 0.012446	-0.006365	 0.999940	 0.009007	 0.009076	 0.001526	-0.008999	 0.999957	 0.088296	 0.000000	 0.000000	 0.000000	 1.000000
8	 0.999975	 0.004192	-0.005692	 0.016720	-0.004157	 0.999973	 0.006124	 0.010168	 0.005717	-0.006101	 0.999964	 0.104722	 0.000000	 0.000000	 0.000000	 1.000000
9	 0.999962	 0.005018	-0.007122	 0.020953	-0.004984	 0.999977	 0.004691	 0.010795	 0.007144	-0.004656	 0.999963	 0.119067	 0.000000	 0.000000	 0.000000	 1.000000
10	 0.999925	 0.006169	-0.010563	 0.026929	-0.006123	 0.999972	 0.004282	 0.011013	 0.010588	-0.004217	 0.999935	 0.138633	 0.000000	 0.000000	 0.000000	 1.000000
11	 0.999901	 0.005332	-0.012963	 0.032558	-0.005346	 0.999985	-0.000978	 0.010662	 0.012957	 0.001048	 0.999916	 0.155763	 0.000000	 0.000000	 0.000000	 1.000000
12	 0.999897	 0.005246	-0.013364	 0.038883	-0.005334	 0.999963	-0.006500	 0.009560	 0.013329	 0.006573	 0.999891	 0.172678	 0.000000	 0.000000	 0.000000	 1.000000
13	 0.999933	 0.002838	-0.011157	 0.046010	-0.002905	 0.999977	-0.005934	 0.007589	 0.011139	 0.005968	 0.999922	 0.192064	 0.000000	 0.000000	 0.000000	 1.000000
14	 0.999935	-0.001342	-0.011234	 0.051589	 0.001308	 0.999995	-0.002831	 0.005569	 0.011236	 0.002817	 0.999934	 0.206356	 0.000000	 0.000000	 0.000000	 1.000000
15	 0.999826	-0.006697	-0.017342	 0.059168	 0.006607	 0.999966	-0.004964	 0.002638	 0.017371	 0.004851	 0.999839	 0.224710	 0.000000	 0.000000	 0.000000	 1.000000
16	 0.999765	-0.009565	-0.019384	 0.064887	 0.009351	 0.999897	-0.010780	 0.000161	 0.019481	 0.010600	 0.999757	 0.237710	 0.000000	 0.000000	 0.000000	 1.000000
17	 0.999684	-0.013387	-0.021173	 0.071111	 0.012935	 0.999694	-0.020950	-0.002777	 0.021444	 0.020675	 0.999561	 0.252303	 0.000000	 0.000000	 0.000000	 1.000000
18	 0.999591	-0.015878	-0.023668	 0.076341	 0.015151	 0.999427	-0.030140	-0.005489	 0.024129	 0.029777	 0.999271	 0.264350	 0.000000	 0.000000	 0.000000	 1.000000
19	 0.999453	-0.018336	-0.027440	 0.081258	 0.017301	 0.999158	-0.037061	-0.008168	 0.028092	 0.036575	 0.998944	 0.276222	 0.000000	 0.000000	 0.000000	 1.000000
20	 0.999322	-0.021132	-0.030040	 0.085902	 0.019860	 0.998933	-0.041570	-0.010621	 0.030881	 0.040955	 0.998692	 0.288171	 0.000000	 0.000000	 0.000000	 1.000000
21	 0.999281	-0.022710	-0.030255	 0.090625	 0.021378	 0.998833	-0.043190	-0.012783	 0.031196	 0.042523	 0.998617	 0.299957	 0.000000	 0.000000	 0.000000	 1.000000
22	 0.999226	-0.025412	-0.029911	 0.095959	 0.024035	 0.998689	-0.045058	-0.014823	 0.031012	 0.044315	 0.998545	 0.313944	 0.000000	 0.000000	 0.000000	 1.000000
23	 0.999159	-0.028424	-0.029428	 0.101042	 0.026949	 0.998435	-0.048877	-0.016346	 0.030766	 0.048054	 0.998380	 0.328211	 0.000000	 0.000000	 0.000000	 1.000000
24	 0.999231	-0.028972	-0.026280	 0.105402	 0.027541	 0.998223	-0.052708	-0.017317	 0.027756	 0.051955	 0.998274	 0.340386	 0.000000	 0.000000	 0.000000	 1.000000
25	 0.999363	-0.028498	-0.021322	 0.110371	 0.027188	 0.997896	-0.058733	-0.018084	 0.022947	 0.058128	 0.998056	 0.354585	 0.000000	 0.000000	 0.000000	 1.000000
26	 0.999401	-0.028639	-0.019258	 0.115126	 0.027329	 0.997538	-0.064454	-0.018244	 0.021054	 0.063902	 0.997746	 0.368915	 0.000000	 0.000000	 0.000000	 1.000000
27	 0.999404	-0.029367	-0.017961	 0.118932	 0.028089	 0.997352	-0.066944	-0.017961	 0.019876	 0.066414	 0.997606	 0.381728	 0.000000	 0.000000	 0.000000	 1.000000
28	 0.999427	-0.029935	-0.015608	 0.123164	 0.028870	 0.997545	-0.063663	-0.017251	 0.017473	 0.063189	 0.997860	 0.396834	 0.000000	 0.000000	 0.000000	 1.000000
29	 0.999481	-0.029292	-0.013184	 0.127319	 0.028348	 0.997418	-0.065851	-0.016281	 0.015077	 0.065456	 0.997753	 0.413218	 0.000000	 0.000000	 0.000000	 1.000000
30	 0.999439	-0.030903	-0.012688	 0.131261	 0.030016	 0.997492	-0.063968	-0.015123	 0.014631	 0.063564	 0.997882	 0.429910	 0.000000	 0.000000	 0.000000	 1.000000
31	 0.999364	-0.033481	-0.012076	 0.134372	 0.032643	 0.997482	-0.062831	-0.014189	 0.014147	 0.062410	 0.997961	 0.444591	 0.000000	 0.000000	 0.000000	 1.000000
32	 0.999330	-0.035007	-0.010444	 0.137654	 0.034265	 0.997411	-0.063092	-0.013262	 0.012623	 0.062705	 0.997963	 0.461927	 0.000000	 0.000000	 0.000000	 1.000000
33	 0.999230	-0.037405	-0.011556	 0.140244	 0.036846	 0.998342	-0.044123	-0.012261	 0.013183	 0.043673	 0.998967	 0.477787	 0.000000	 0.000000	 0.000000	 1.000000
34	 0.999293	-0.036556	-0.008422	 0.142703	 0.035944	 0.997388	-0.062523	-0.012644	 0.010682	 0.062188	 0.998018	 0.495259	 0.000000	 0.000000	 0.000000	 1.000000
35	 0.999103	-0.039169	-0.015914	 0.144692	 0.038457	 0.998380	-0.041838	-0.012476	 0.017521	 0.041198	 0.999005	 0.511322	 0.000000	 0.000000	 0.000000	 1.000000
36	 0.999064	-0.039674	-0.017029	 0.146872	 0.038949	 0.998433	-0.040092	-0.012875	 0.018587	 0.039401	 0.999058	 0.528996	 0.000000	 0.000000	 0.000000	 1.000000
37	 0.999030	-0.040757	-0.016454	 0.148986	 0.040030	 0.998338	-0.041370	-0.013126	 0.018107	 0.040681	 0.999016	 0.546571	 0.000000	 0.000000	 0.000000	 1.000000
38	 0.998978	-0.042556	-0.014971	 0.150618	 0.041886	 0.998256	-0.041501	-0.013257	 0.016705	 0.040842	 0.999034	 0.561215	 0.000000	 0.000000	 0.000000	 1.000000
39	 0.999066	-0.041244	-0.012585	 0.152871	 0.040667	 0.998288	-0.041945	-0.013282	 0.014288	 0.041404	 0.999048	 0.577648	 0.000000	 0.000000	 0.000000	 1.000000
40	 0.999121	-0.040204	-0.011612	 0.155157	 0.039633	 0.998214	-0.044582	-0.013230	 0.013379	 0.044093	 0.998946	 0.593345	 0.000000	 0.000000	 0.000000	 1.000000
41	 0.999179	-0.039423	-0.009016	 0.157507	 0.038942	 0.998134	-0.046912	-0.013243	 0.010844	 0.046533	 0.998866	 0.606309	 0.000000	 0.000000	 0.000000	 1.000000
42	 0.999198	-0.039692	-0.004800	 0.160844	 0.039387	 0.997964	-0.050051	-0.013478	 0.006773	 0.049833	 0.998743	 0.621149	 0.000000	 0.000000	 0.000000	 1.000000
43	 0.999095	-0.042273	-0.004116	 0.164828	 0.042016	 0.997998	-0.047156	-0.013763	 0.006097	 0.046950	 0.998887	 0.635117	 0.000000	 0.000000	 0.000000	 1.000000
44	 0.998785	-0.048735	-0.006739	 0.169181	 0.048350	 0.997730	-0.046780	-0.014300	 0.008998	 0.046408	 0.998890	 0.648731	 0.000000	 0.000000	 0.000000	 1.000000
45	 0.998239	-0.058396	-0.010017	 0.173692	 0.057837	 0.997194	-0.047442	-0.014924	 0.012751	 0.046790	 0.998832	 0.661862	 0.000000	 0.000000	 0.000000	 1.000000
46	 0.997678	-0.067018	-0.011764	 0.178017	 0.066321	 0.996523	-0.050356	-0.015709	 0.015088	 0.049472	 0.998671	 0.673066	 0.000000	 0.000000	 0.000000	 1.000000
47	 0.996786	-0.078880	-0.013612	 0.184267	 0.078040	 0.995570	-0.052363	-0.016791	 0.017671	 0.051146	 0.998544	 0.687498	 0.000000	 0.000000	 0.000000	 1.000000
48	 0.995983	-0.087811	-0.017200	 0.189488	 0.086802	 0.994910	-0.051116	-0.017845	 0.021588	 0.049432	 0.998553	 0.697991	 0.000000	 0.000000	 0.000000	 1.000000
49	 0.994869	-0.098461	-0.022970	 0.196206	 0.097131	 0.993913	-0.051919	-0.019272	 0.027927	 0.049437	 0.998396	 0.710123	 0.000000	 0.000000	 0.000000	 1.000000
50	 0.993862	-0.106784	-0.028652	 0.202585	 0.105110	 0.993017	-0.053511	-0.020605	 0.034148	 0.050188	 0.998166	 0.720247	 0.000000	 0.000000	 0.000000	 1.000000
51	 0.992736	-0.115408	-0.033770	 0.210718	 0.113327	 0.991914	-0.057073	-0.022125	 0.040064	 0.052849	 0.997809	 0.732382	 0.000000	 0.000000	 0.000000	 1.000000
52	 0.991729	-0.122280	-0.038805	 0.218217	 0.119859	 0.991059	-0.058552	-0.023358	 0.045596	 0.053436	 0.997541	 0.742376	 0.000000	 0.000000	 0.000000	 1.000000
53	 0.990289	-0.131799	-0.044045	 0.229239	 0.129300	 0.990105	-0.054490	-0.024927	 0.050767	 0.048286	 0.997553	 0.755387	 0.000000	 0.000000	 0.000000	 1.000000
54	 0.989384	-0.137347	-0.047312	 0.238185	 0.134845	 0.989520	-0.051608	-0.025799	 0.053878	 0.044700	 0.997557	 0.764705	 0.000000	 0.000000	 0.000000	 1.000000
55	 0.987997	-0.146172	-0.049794	 0.249365	 0.143642	 0.988358	-0.050135	-0.026705	 0.056515	 0.042401	 0.997511	 0.775110	 0.000000	 0.000000	 0.000000	 1.000000
56	 0.986187	-0.155975	-0.055587	 0.260833	 0.153218	 0.986930	-0.049918	-0.027578	 0.062616	 0.040733	 0.997216	 0.784477	 0.000000	 0.000000	 0.000000	 1.000000
57	 0.984798	-0.163184	-0.059372	 0.270911	 0.159916	 0.985579	-0.055292	-0.028446	 0.067508	 0.044980	 0.996715	 0.792066	 0.000000	 0.000000	 0.000000	 1.000000
58	 0.983891	-0.167355	-0.062709	 0.284422	 0.163678	 0.984750	-0.058931	-0.029332	 0.071582	 0.047741	 0.996303	 0.800924	 0.000000	 0.000000	 0.000000	 1.000000
59	 0.983643	-0.167710	-0.065580	 0.294428	 0.163892	 0.984710	-0.058994	-0.029638	 0.074439	 0.047305	 0.996115	 0.806783	 0.000000	 0.000000	 0.000000	 1.000000
60	 0.983444	-0.166157	-0.072181	 0.305813	 0.162225	 0.985131	-0.056535	-0.029610	 0.080468	 0.043913	 0.995801	 0.812904	 0.000000	 0.000000	 0.000000	 1.000000
61	 0.983909	-0.164099	-0.070538	 0.315474	 0.159517	 0.985013	-0.065552	-0.029307	 0.080205	 0.053270	 0.995367	 0.818352	 0.000000	 0.000000	 0.000000	 1.000000
62	 0.984684	-0.158038	-0.073499	 0.328455	 0.154303	 0.986586	-0.053251	-0.027926	 0.080895	 0.041117	 0.995885	 0.822198	 0.000000	 0.000000	 0.000000	 1.000000
63	 0.985179	-0.154797	-0.073775	 0.337791	 0.151134	 0.987135	-0.052162	-0.026476	 0.080868	 0.040261	 0.995922	 0.824867	 0.000000	 0.000000	 0.000000	 1.000000
64	 0.985923	-0.151390	-0.070835	 0.348481	 0.148228	 0.987825	-0.047217	-0.024277	 0.077089	 0.036074	 0.996381	 0.827306	 0.000000	 0.000000	 0.000000	 1.000000
65	 0.986121	-0.151054	-0.068780	 0.358598	 0.148851	 0.988229	-0.035334	-0.021568	 0.073276	 0.024625	 0.997015	 0.828469	 0.000000	 0.000000	 0.000000	 1.000000
66	 0.985073	-0.156417	-0.071742	 0.366861	 0.155338	 0.987671	-0.019598	-0.019200	 0.073889	 0.008178	 0.997238	 0.828270	 0.000000	 0.000000	 0.000000	 1.000000
67	 0.983698	-0.165453	-0.070315	 0.376312	 0.164879	 0.986233	-0.013073	-0.016212	 0.071475	 0.001283	 0.997445	 0.827864	 0.000000	 0.000000	 0.000000	 1.000000
68	 0.982083	-0.174771	-0.070352	 0.383941	 0.174535	 0.984620	-0.008631	-0.013781	 0.070741	-0.003786	 0.997490	 0.826536	 0.000000	 0.000000	 0.000000	 1.000000
69	 0.980039	-0.186328	-0.069185	 0.392150	 0.186364	 0.982475	-0.005018	-0.011245	 0.068869	-0.007959	 0.997596	 0.823815	 0.000000	 0.000000	 0.000000	 1.000000
70	 0.978705	-0.193896	-0.067243	 0.398747	 0.194103	 0.980986	-0.002453	-0.009052	 0.066400	-0.010635	 0.997738	 0.820567	 0.000000	 0.000000	 0.000000	 1.000000
71	 0.977619	-0.200794	-0.062639	 0.405903	 0.201394	 0.979509	 0.004524	-0.006707	 0.060406	-0.017022	 0.998029	 0.815643	 0.000000	 0.000000	 0.000000	 1.000000
72	 0.977185	-0.203902	-0.059294	 0.412489	 0.204789	 0.978760	 0.010472	-0.004861	 0.055858	-0.022361	 0.998187	 0.810229	 0.000000	 0.000000	 0.000000	 1.000000
73	 0.977071	-0.203426	-0.062701	 0.417499	 0.204860	 0.978628	 0.018512	-0.003290	 0.057553	-0.030919	 0.997861	 0.804183	 0.000000	 0.000000	 0.000000	 1.000000
74	 0.977607	-0.200930	-0.062392	 0.422800	 0.202490	 0.979072	 0.020935	-0.001831	 0.056838	-0.033087	 0.997833	 0.797179	 0.000000	 0.000000	 0.000000	 1.000000
75	 0.979619	-0.193175	-0.054882	 0.428593	 0.194220	 0.980844	 0.015635	-0.000585	 0.050771	-0.025963	 0.998371	 0.789230	 0.000000	 0.000000	 0.000000	 1.000000
76	 0.981191	-0.183953	-0.058372	 0.432168	 0.185283	 0.982505	 0.019393	 0.000368	 0.053745	-0.029831	 0.998107	 0.781235	 0.000000	 0.000000	 0.000000	 1.000000
77	 0.983510	-0.168354	-0.065932	 0.436237	 0.170059	 0.985197	 0.022120	 0.001386	 0.061194	-0.032957	 0.997579	 0.769120	 0.000000	 0.000000	 0.000000	 1.000000
78	 0.985607	-0.155032	-0.067269	 0.439057	 0.156848	 0.987355	 0.023488	 0.001872	 0.062741	-0.033692	 0.997459	 0.758915	 0.000000	 0.000000	 0.000000	 1.000000
79	 0.987670	-0.141481	-0.066878	 0.441920	 0.143274	 0.989412	 0.023628	 0.002044	 0.062793	-0.032910	 0.997482	 0.745896	 0.000000	 0.000000	 0.000000	 1.000000
80	 0.989020	-0.132222	-0.065879	 0.444158	 0.133577	 0.990896	 0.017379	 0.001946	 0.062950	-0.025979	 0.997677	 0.734484	 0.000000	 0.000000	 0.000000	 1.000000
81	 0.989887	-0.125271	-0.066427	 0.446207	 0.126406	 0.991891	 0.013884	 0.001197	 0.064119	-0.022131	 0.997696	 0.722211	 0.000000	 0.000000	 0.000000	 1.000000
82	 0.991250	-0.116712	-0.061525	 0.448489	 0.117350	 0.993069	 0.007593	-0.000139	 0.060184	-0.014738	 0.998079	 0.706912	 0.000000	 0.000000	 0.000000	 1.000000
83	 0.992341	-0.109494	-0.057045	 0.449918	 0.109844	 0.993948	 0.003770	-0.001796	 0.056260	-0.009998	 0.998367	 0.691219	 0.000000	 0.000000	 0.000000	 1.000000
84	 0.993215	-0.103652	-0.052581	 0.451364	 0.103901	 0.994590	 0.002781	-0.003469	 0.051984	-0.008216	 0.998615	 0.677306	 0.000000	 0.000000	 0.000000	 1.000000
85	 0.993937	-0.098937	-0.047821	 0.452714	 0.099188	 0.995068	 0.003688	-0.005756	 0.047197	-0.008401	 0.998851	 0.660756	 0.000000	 0.000000	 0.000000	 1.000000
86	 0.994772	-0.092648	-0.042788	 0.454182	 0.092903	 0.995670	 0.004816	-0.008224	 0.042135	-0.008758	 0.999074	 0.644460	 0.000000	 0.000000	 0.000000	 1.000000
87	 0.995913	-0.081955	-0.037791	 0.456234	 0.082226	 0.996599	 0.006496	-0.011098	 0.037111	-0.009571	 0.999266	 0.628534	 0.000000	 0.000000	 0.000000	 1.000000
88	 0.996839	-0.071339	-0.034814	 0.458749	 0.071877	 0.997304	 0.015246	-0.014161	 0.033615	-0.017696	 0.999277	 0.612461	 0.000000	 0.000000	 0.000000	 1.000000
89	 0.997436	-0.061195	-0.036957	 0.461736	 0.062022	 0.997833	 0.022316	-0.017570	 0.035494	-0.024549	 0.999066	 0.596935	 0.000000	 0.000000	 0.000000	 1.000000
90	 0.997585	-0.054567	-0.042837	 0.465203	 0.055692	 0.998116	 0.026045	-0.021146	 0.041318	-0.028366	 0.998741	 0.581567	 0.000000	 0.000000	 0.000000	 1.000000
91	 0.997762	-0.049287	-0.045079	 0.468680	 0.050490	 0.998382	 0.026428	-0.024234	 0.043687	-0.028643	 0.998632	 0.568365	 0.000000	 0.000000	 0.000000	 1.000000
92	 0.997987	-0.044931	-0.044655	 0.473000	 0.045524	 0.998886	 0.012820	-0.028186	 0.044015	-0.014823	 0.998921	 0.553760	 0.000000	 0.000000	 0.000000	 1.000000
93	 0.998187	-0.039065	-0.045692	 0.477414	 0.039762	 0.999104	 0.014854	-0.031315	 0.045057	-0.016641	 0.998845	 0.539738	 0.000000	 0.000000	 0.000000	 1.000000
94	 0.998203	-0.035470	-0.048208	 0.482730	 0.035801	 0.999342	 0.006405	-0.035014	 0.047936	-0.008115	 0.998819	 0.524573	 0.000000	 0.000000	 0.000000	 1.000000
95	 0.998247	-0.031787	-0.049827	 0.487671	 0.031884	 0.999493	 0.001508	-0.038046	 0.049742	-0.003089	 0.998759	 0.511534	 0.000000	 0.000000	 0.000000	 1.000000
96	 0.998177	-0.026791	-0.054006	 0.493761	 0.026710	 0.999643	-0.001897	-0.041394	 0.054026	 0.000456	 0.998542	 0.496176	 0.000000	 0.000000	 0.000000	 1.000000
97	 0.997964	-0.021655	-0.059918	 0.500457	 0.021466	 0.999764	-0.003520	-0.044374	 0.059969	 0.002232	 0.998201	 0.480605	 0.000000	 0.000000	 0.000000	 1.000000
98	 0.997671	-0.018236	-0.065655	 0.507716	 0.017787	 0.999816	-0.007162	-0.046946	 0.065761	 0.005984	 0.997822	 0.464906	 0.000000	 0.000000	 0.000000	 1.000000
99	 0.997426	-0.015839	-0.069872	 0.515590	 0.014613	 0.999733	-0.017790	-0.049303	 0.070123	 0.016731	 0.997404	 0.449434	 0.000000	 0.000000	 0.000000	 1.000000
100	 0.997252	-0.013317	-0.072814	 0.522819	 0.011742	 0.999691	-0.021793	-0.050810	 0.073070	 0.020887	 0.997115	 0.435479	 0.000000	 0.000000	 0.000000	 1.000000
101	 0.997091	-0.008433	-0.075698	 0.533104	 0.006669	 0.999702	-0.023325	-0.052503	 0.075862	 0.022762	 0.996866	 0.416180	 0.000000	 0.000000	 0.000000	 1.000000
102	 0.996894	-0.003738	-0.078611	 0.541507	 0.001631	 0.999639	-0.026659	-0.053491	 0.078672	 0.026458	 0.996558	 0.401648	 0.000000	 0.000000	 0.000000	 1.000000
103	 0.996245	 0.001049	-0.086519	 0.550374	-0.003715	 0.999523	-0.030489	-0.054287	 0.086436	 0.030707	 0.995793	 0.386840	 0.000000	 0.000000	 0.000000	 1.000000
104	 0.995518	 0.005772	-0.094356	 0.561313	-0.008990	 0.999391	-0.033549	-0.055115	 0.094095	 0.034258	 0.994984	 0.369167	 0.000000	 0.000000	 0.000000	 1.000000
105	 0.994658	 0.009012	-0.102787	 0.570820	-0.012749	 0.999278	-0.035609	-0.055821	 0.102382	 0.036741	 0.994078	 0.353687	 0.000000	 0.000000	 0.000000	 1.000000
106	 0.993939	 0.012896	-0.109130	 0.582088	-0.016918	 0.999206	-0.035873	-0.056751	 0.108570	 0.037514	 0.993392	 0.335237	 0.000000	 0.000000	 0.000000	 1.000000
107	 0.993692	 0.018792	-0.110522	 0.593332	-0.022772	 0.999130	-0.034736	-0.058074	 0.109763	 0.037046	 0.993279	 0.316465	 0.000000	 0.000000	 0.000000	 1.000000
108	 0.993499	 0.027871	-0.110346	 0.604436	-0.031843	 0.998896	-0.034298	-0.059711	 0.109261	 0.037600	 0.993313	 0.297668	 0.000000	 0.000000	 0.000000	 1.000000
109	 0.993025	 0.037291	-0.111824	 0.613912	-0.041441	 0.998521	-0.034943	-0.061217	 0.110349	 0.039345	 0.993126	 0.281483	 0.000000	 0.000000	 0.000000	 1.000000
110	 0.992368	 0.045522	-0.114584	 0.624584	-0.050093	 0.998039	-0.037274	-0.063088	 0.112657	 0.042740	 0.992727	 0.262598	 0.000000	 0.000000	 0.000000	 1.000000
111	 0.991888	 0.052582	-0.115715	 0.634848	-0.057564	 0.997525	-0.040099	-0.064773	 0.113316	 0.046447	 0.992486	 0.243868	 0.000000	 0.000000	 0.000000	 1.000000
112	 0.991751	 0.054172	-0.116154	 0.644308	-0.059202	 0.997422	-0.040263	-0.066411	 0.113670	 0.046819	 0.992428	 0.225375	 0.000000	 0.000000	 0.000000	 1.000000
113	 0.991564	 0.052744	-0.118379	 0.651565	-0.057453	 0.997664	-0.036677	-0.067753	 0.116164	 0.043181	 0.992304	 0.209550	 0.000000	 0.000000	 0.000000	 1.000000
114	 0.991335	 0.051483	-0.120826	 0.659364	-0.056160	 0.997777	-0.035578	-0.069031	 0.118721	 0.042067	 0.992049	 0.191972	 0.000000	 0.000000	 0.000000	 1.000000
115	 0.991201	 0.050056	-0.122517	 0.666681	-0.054530	 0.997944	-0.033391	-0.070024	 0.120588	 0.039789	 0.991917	 0.174243	 0.000000	 0.000000	 0.000000	 1.000000
116	 0.991607	 0.048014	-0.120017	 0.672582	-0.052397	 0.998052	-0.033580	-0.070521	 0.118165	 0.039598	 0.992216	 0.159566	 0.000000	 0.000000	 0.000000	 1.000000
117	 0.992177	 0.046404	-0.115871	 0.679376	-0.050889	 0.998046	-0.035994	-0.071123	 0.113969	 0.041620	 0.992625	 0.142095	 0.000000	 0.000000	 0.000000	 1.000000
118	 0.992897	 0.045470	-0.109926	 0.685955	-0.051583	 0.997230	-0.053355	-0.071662	 0.107192	 0.058660	 0.992521	 0.125792	 0.000000	 0.000000	 0.000000	 1.000000
119	 0.993402	 0.043202	-0.106210	 0.691692	-0.049555	 0.997081	-0.057860	-0.071645	 0.103398	 0.062756	 0.992674	 0.108196	 0.000000	 0.000000	 0.000000	 1.000000
120	 0.993627	 0.042188	-0.104501	 0.696233	-0.047719	 0.997549	-0.050946	-0.071401	 0.102092	 0.055622	 0.993233	 0.091877	 0.000000	 0.000000	 0.000000	 1.000000
121	 0.993433	 0.042844	-0.106070	 0.701028	-0.048887	 0.997277	-0.054975	-0.071195	 0.103423	 0.059813	 0.992853	 0.074122	 0.000000	 0.000000	 0.000000	 1.000000
122	 0.993411	 0.046419	-0.104764	 0.705356	-0.052055	 0.997294	-0.051666	-0.070774	 0.102080	 0.056792	 0.993168	 0.056547	 0.000000	 0.000000	 0.000000	 1.000000
123	 0.993422	 0.049306	-0.103330	 0.708688	-0.055650	 0.996668	-0.059389	-0.070371	 0.100057	 0.064763	 0.992888	 0.042697	 0.000000	 0.000000	 0.000000	 1.000000
124	 0.993006	 0.050540	-0.106684	 0.711777	-0.056659	 0.996860	-0.055075	-0.069406	 0.103564	 0.060748	 0.992781	 0.024982	 0.000000	 0.000000	 0.000000	 1.000000
125	 0.992767	 0.051305	-0.108524	 0.714488	-0.057162	 0.997021	-0.051527	-0.068054	 0.105555	 0.057371	 0.992772	 0.007051	 0.000000	 0.000000	 0.000000	 1.000000
126	 0.992873	 0.053418	-0.106516	 0.716944	-0.058779	 0.997113	-0.047815	-0.066239	 0.103652	 0.053748	 0.993174	-0.010865	 0.000000	 0.000000	 0.000000	 1.000000
127	 0.992760	 0.054602	-0.106972	 0.718836	-0.059473	 0.997298	-0.042860	-0.064464	 0.104341	 0.048923	 0.993351	-0.026038	 0.000000	 0.000000	 0.000000	 1.000000
128	 0.992290	 0.054642	-0.111227	 0.720815	-0.059123	 0.997541	-0.037360	-0.062131	 0.108908	 0.043659	 0.993105	-0.043724	 0.000000	 0.000000	 0.000000	 1.000000
129	 0.991690	 0.056659	-0.115485	 0.722714	-0.060610	 0.997671	-0.030971	-0.059584	 0.113458	 0.037724	 0.992838	-0.061098	 0.000000	 0.000000	 0.000000	 1.000000
130	 0.991287	 0.059059	-0.117723	 0.724381	-0.062367	 0.997741	-0.024596	-0.057365	 0.116000	 0.031733	 0.992753	-0.075656	 0.000000	 0.000000	 0.000000	 1.000000
131	 0.991070	 0.062262	-0.117900	 0.727178	-0.065006	 0.997685	-0.019558	-0.054690	 0.116405	 0.027056	 0.992843	-0.094353	 0.000000	 0.000000	 0.000000	 1.000000
132	 0.991237	 0.063894	-0.115608	 0.729802	-0.066166	 0.997674	-0.015919	-0.052648	 0.114317	 0.023437	 0.993177	-0.107779	 0.000000	 0.000000	 0.000000	 1.000000
133	 0.991447	 0.064426	-0.113486	 0.733259	-0.065935	 0.997771	-0.009591	-0.050631	 0.112611	 0.016998	 0.993502	-0.122608	 0.000000	 0.000000	 0.000000	 1.000000
134	 0.991583	 0.061706	-0.113812	 0.737256	-0.062623	 0.998021	-0.004494	-0.048821	 0.113304	 0.011589	 0.993500	-0.136608	 0.000000	 0.000000	 0.000000	 1.000000
135	 0.991664	 0.059744	-0.114151	 0.741933	-0.060239	 0.998179	-0.000884	-0.047080	 0.113884	 0.007758	 0.993470	-0.149902	 0.000000	 0.000000	 0.000000	 1.000000
136	 0.992016	 0.059235	-0.111320	 0.747048	-0.059656	 0.998214	-0.000454	-0.045448	 0.111089	 0.007096	 0.993792	-0.162254	 0.000000	 0.000000	 0.000000	 1.000000
137	 0.992257	 0.063100	-0.106970	 0.751743	-0.063521	 0.997975	-0.000540	-0.044254	 0.106715	 0.007335	 0.994269	-0.172160	 0.000000	 0.000000	 0.000000	 1.000000
138	 0.992536	 0.072631	-0.097966	 0.757689	-0.073193	 0.997309	-0.002214	-0.043043	 0.097540	 0.009372	 0.995194	-0.182633	 0.000000	 0.000000	 0.000000	 1.000000
139	 0.992235	 0.083144	-0.092513	 0.762395	-0.083840	 0.996464	-0.003757	-0.041762	 0.091875	 0.011488	 0.995711	-0.190514	 0.000000	 0.000000	 0.000000	 1.000000
140	 0.991252	 0.099894	-0.086299	 0.768507	-0.100573	 0.994913	-0.003726	-0.040491	 0.085493	 0.012375	 0.996268	-0.198556	 0.000000	 0.000000	 0.000000	 1.000000
141	 0.990118	 0.114754	-0.080668	 0.773655	-0.115333	 0.993312	-0.002812	-0.038972	 0.079814	 0.012089	 0.996742	-0.204462	 0.000000	 0.000000	 0.000000	 1.000000
142	 0.988431	 0.131908	-0.074956	 0.779518	-0.132179	 0.991213	 0.000993	-0.036998	 0.074440	 0.008926	 0.997191	-0.210440	 0.000000	 0.000000	 0.000000	 1.000000
143	 0.986570	 0.146922	-0.071486	 0.785305	-0.146846	 0.989129	 0.005882	-0.034912	 0.071587	 0.004693	 0.997428	-0.215360	 0.000000	 0.000000	 0.000000	 1.000000
144	 0.984243	 0.162591	-0.069646	 0.791201	-0.162230	 0.986685	 0.010301	-0.032877	 0.070410	 0.001158	 0.997521	-0.219632	 0.000000	 0.000000	 0.000000	 1.000000
145	 0.982386	 0.173093	-0.070563	 0.795948	-0.172620	 0.984897	 0.012228	-0.030780	 0.071632	 0.000166	 0.997435	-0.222984	 0.000000	 0.000000	 0.000000	 1.000000
146	 0.980049	 0.185492	-0.071571	 0.801579	-0.184967	 0.982638	 0.013332	-0.028313	 0.072822	 0.000170	 0.997349	-0.226636	 0.000000	 0.000000	 0.000000	 1.000000
147	 0.977014	 0.201104	-0.070919	 0.807062	-0.200687	 0.979559	 0.012343	-0.026107	 0.071975	 0.002170	 0.997408	-0.229966	 0.000000	 0.000000	 0.000000	 1.000000
148	 0.974109	 0.214609	-0.071322	 0.811402	-0.214365	 0.976677	 0.010406	-0.024284	 0.071917	 0.005150	 0.997402	-0.232670	 0.000000	 0.000000	 0.000000	 1.000000
149	 0.970209	 0.232513	-0.068335	 0.816388	-0.232619	 0.972527	 0.005632	-0.022286	 0.067797	 0.010429	 0.997650	-0.235461	 0.000000	 0.000000	 0.000000	 1.000000
150	 0.965801	 0.251255	-0.064357	 0.820751	-0.251443	 0.967835	 0.004261	-0.019991	 0.063391	 0.012065	 0.997921	-0.237445	 0.000000	 0.000000	 0.000000	 1.000000
151	 0.962023	 0.265370	-0.064323	 0.824240	-0.265370	 0.964087	 0.007611	-0.017608	 0.064069	 0.009745	 0.997903	-0.238844	 0.000000	 0.000000	 0.000000	 1.000000
152	 0.959311	 0.275408	-0.062627	 0.826803	-0.275040	 0.961309	 0.013449	-0.015442	 0.063945	 0.004319	 0.997948	-0.239871	 0.000000	 0.000000	 0.000000	 1.000000
153	 0.957660	 0.281054	-0.062825	 0.828940	-0.280133	 0.959678	 0.022066	-0.011839	 0.066531	-0.003538	 0.997781	-0.240503	 0.000000	 0.000000	 0.000000	 1.000000
154	 0.956433	 0.285025	-0.063624	 0.829383	-0.283535	 0.958450	 0.030436	-0.008911	 0.069692	-0.011077	 0.997509	-0.240835	 0.000000	 0.000000	 0.000000	 1.000000
155	 0.954454	 0.291501	-0.064028	 0.829459	-0.289612	 0.956433	 0.036136	-0.006247	 0.071809	-0.015953	 0.997292	-0.241123	 0.000000	 0.000000	 0.000000	 1.000000
156	 0.951539	 0.300264	-0.066867	 0.828062	-0.298203	 0.953712	 0.038084	-0.002977	 0.075245	-0.016306	 0.997033	-0.241314	 0.000000	 0.000000	 0.000000	 1.000000
157	 0.948450	 0.309064	-0.070572	 0.825117	-0.307240	 0.950971	 0.034582	 0.000525	 0.077839	-0.011122	 0.996906	-0.241144	 0.000000	 0.000000	 0.000000	 1.000000
158	 0.944403	 0.321391	-0.069807	 0.821083	-0.319940	 0.946921	 0.030213	 0.003622	 0.075855	-0.006204	 0.997102	-0.240582	 0.000000	 0.000000	 0.000000	 1.000000
159	 0.939814	 0.334710	-0.069172	 0.815694	-0.333576	 0.942313	 0.026466	 0.006787	 0.074085	-0.001803	 0.997254	-0.239500	 0.000000	 0.000000	 0.000000	 1.000000
160	 0.936554	 0.343569	-0.069966	 0.810276	-0.342470	 0.939121	 0.026266	 0.009436	 0.074778	-0.000642	 0.997204	-0.237967	 0.000000	 0.000000	 0.000000	 1.000000
161	 0.933819	 0.351450	-0.067347	 0.802976	-0.350310	 0.936200	 0.027121	 0.012403	 0.072631	-0.001738	 0.997361	-0.235622	 0.000000	 0.000000	 0.000000	 1.000000
162	 0.932460	 0.355361	-0.065647	 0.792824	-0.354209	 0.934721	 0.027442	 0.015717	 0.071163	-0.002341	 0.997465	-0.232485	 0.000000	 0.000000	 0.000000	 1.000000
163	 0.932546	 0.355163	-0.065495	 0.784014	-0.354094	 0.934798	 0.026288	 0.018083	 0.070611	-0.001328	 0.997506	-0.230196	 0.000000	 0.000000	 0.000000	 1.000000
164	 0.933254	 0.353334	-0.065303	 0.770299	-0.352530	 0.935489	 0.022434	 0.021191	 0.069068	 0.002080	 0.997614	-0.227326	 0.000000	 0.000000	 0.000000	 1.000000
165	 0.934186	 0.350612	-0.066623	 0.758561	-0.350018	 0.936500	 0.019385	 0.023238	 0.069239	 0.005207	 0.997591	-0.225434	 0.000000	 0.000000	 0.000000	 1.000000
166	 0.935267	 0.347250	-0.069006	 0.743542	-0.346937	 0.937718	 0.015513	 0.025543	 0.070144	 0.009429	 0.997497	-0.223320	 0.000000	 0.000000	 0.000000	 1.000000
167	 0.935620	 0.345928	-0.070834	 0.727258	-0.345950	 0.938145	 0.011032	 0.027903	 0.070319	 0.014181	 0.997430	-0.221371	 0.000000	 0.000000	 0.000000	 1.000000
168	 0.935456	 0.346749	-0.068968	 0.712250	-0.346940	 0.937808	 0.008192	 0.030313	 0.067570	 0.016262	 0.997588	-0.219687	 0.000000	 0.000000	 0.000000	 1.000000
169	 0.933926	 0.351462	-0.065783	 0.696589	-0.351439	 0.936104	 0.010845	 0.032334	 0.065442	 0.012987	 0.997777	-0.217869	 0.000000	 0.000000	 0.000000	 1.000000
170	 0.932395	 0.355285	-0.066959	 0.680580	-0.354772	 0.934728	 0.018408	 0.034308	 0.069180	 0.006589	 0.997587	-0.216021	 0.000000	 0.000000	 0.000000	 1.000000
171	 0.931789	 0.356238	-0.070261	 0.661833	-0.355263	 0.934388	 0.025042	 0.036198	 0.074621	 0.001624	 0.997215	-0.214253	 0.000000	 0.000000	 0.000000	 1.000000
172	 0.931462	 0.356672	-0.072361	 0.642599	-0.355555	 0.934224	 0.026968	 0.038250	 0.077269	 0.000605	 0.997014	-0.212738	 0.000000	 0.000000	 0.000000	 1.000000
173	 0.931475	 0.356482	-0.073117	 0.625893	-0.355090	 0.934294	 0.030449	 0.039925	 0.079216	-0.002404	 0.996858	-0.211376	 0.000000	 0.000000	 0.000000	 1.000000
174	 0.930970	 0.358194	-0.071158	 0.606387	-0.356366	 0.933607	 0.036115	 0.041993	 0.079418	-0.008269	 0.996810	-0.209338	 0.000000	 0.000000	 0.000000	 1.000000
175	 0.929413	 0.362819	-0.068035	 0.587023	-0.360759	 0.931776	 0.039604	 0.044143	 0.077812	-0.012269	 0.996894	-0.206952	 0.000000	 0.000000	 0.000000	 1.000000
176	 0.928455	 0.366194	-0.062854	 0.567812	-0.364228	 0.930436	 0.039328	 0.046207	 0.072934	-0.013628	 0.997245	-0.204245	 0.000000	 0.000000	 0.000000	 1.000000
177	 0.927743	 0.368689	-0.058653	 0.551368	-0.366804	 0.929434	 0.039091	 0.048312	 0.068977	-0.014759	 0.997510	-0.201562	 0.000000	 0.000000	 0.000000	 1.000000
178	 0.924923	 0.376373	-0.054243	 0.532539	-0.374640	 0.926349	 0.037943	 0.050600	 0.064582	-0.014780	 0.997804	-0.198073	 0.000000	 0.000000	 0.000000	 1.000000
179	 0.921376	 0.385523	-0.050246	 0.514531	-0.383895	 0.922573	 0.037386	 0.052665	 0.060824	-0.015165	 0.998034	-0.194100	 0.000000	 0.000000	 0.000000	 1.000000
180	 0.918870	 0.391211	-0.052143	 0.498988	-0.389382	 0.920150	 0.040223	 0.054928	 0.063771	-0.016663	 0.997826	-0.190093	 0.000000	 0.000000	 0.000000	 1.000000
181	 0.916798	 0.395521	-0.055965	 0.481498	-0.393446	 0.918291	 0.043045	 0.057535	 0.068474	-0.017451	 0.997501	-0.184948	 0.000000	 0.000000	 0.000000	 1.000000
182	 0.917041	 0.394240	-0.060803	 0.464466	-0.392058	 0.918868	 0.043402	 0.060462	 0.073036	-0.015970	 0.997202	-0.179370	 0.000000	 0.000000	 0.000000	 1.000000
183	 0.918961	 0.389021	-0.065252	 0.447704	-0.386613	 0.921082	 0.045302	 0.063555	 0.077780	-0.016410	 0.996837	-0.173262	 0.000000	 0.000000	 0.000000	 1.000000
184	 0.921680	 0.381736	-0.069741	 0.433396	-0.379088	 0.924113	 0.047165	 0.066213	 0.082505	-0.017040	 0.996446	-0.167533	 0.000000	 0.000000	 0.000000	 1.000000
185	 0.925189	 0.372262	-0.074317	 0.416989	-0.369344	 0.927952	 0.049107	 0.069408	 0.087292	-0.017991	 0.996022	-0.160523	 0.000000	 0.000000	 0.000000	 1.000000
186	 0.928948	 0.362460	-0.075836	 0.400622	-0.359399	 0.931798	 0.050097	 0.072652	 0.088869	-0.019288	 0.995858	-0.152886	 0.000000	 0.000000	 0.000000	 1.000000
187	 0.931830	 0.355255	-0.074550	 0.384502	-0.352185	 0.934541	 0.050266	 0.075746	 0.087573	-0.020591	 0.995946	-0.144504	 0.000000	 0.000000	 0.000000	 1.000000
188	 0.933994	 0.349765	-0.073413	 0.370560	-0.346890	 0.936633	 0.048117	 0.078506	 0.085636	-0.019481	 0.996137	-0.136575	 0.000000	 0.000000	 0.000000	 1.000000
189	 0.936033	 0.344703	-0.071348	 0.354511	-0.342059	 0.938529	 0.045701	 0.081052	 0.082760	-0.018379	 0.996401	-0.126467	 0.000000	 0.000000	 0.000000	 1.000000
190	 0.937659	 0.341173	-0.066824	 0.338652	-0.338737	 0.939812	 0.044046	 0.082853	 0.077874	-0.018671	 0.996789	-0.115345	 0.000000	 0.000000	 0.000000	 1.000000
191	 0.938207	 0.340339	-0.063287	 0.325219	-0.338182	 0.940141	 0.041198	 0.083578	 0.073565	-0.017257	 0.997142	-0.105410	 0.000000	 0.000000	 0.000000	 1.000000
192	 0.938787	 0.339667	-0.058094	 0.307740	-0.337914	 0.940426	 0.036622	 0.083762	 0.067118	-0.014756	 0.997637	-0.092112	 0.000000	 0.000000	 0.000000	 1.000000
193	 0.939444	 0.338589	-0.053598	 0.294648	-0.336998	 0.940812	 0.035129	 0.083006	 0.062367	-0.014947	 0.997942	-0.082161	 0.000000	 0.000000	 0.000000	 1.000000
194	 0.940867	 0.335374	-0.048609	 0.277179	-0.333850	 0.941929	 0.035274	 0.081187	 0.057663	-0.016968	 0.998192	-0.069169	 0.000000	 0.000000	 0.000000	 1.000000
195	 0.942116	 0.332274	-0.045618	 0.264130	-0.330895	 0.943035	 0.033524	 0.079604	 0.054206	-0.016496	 0.998394	-0.059884	 0.000000	 0.000000	 0.000000	 1.000000
196	 0.944318	 0.326604	-0.040772	 0.248900	-0.325578	 0.945066	 0.027934	 0.077986	 0.047702	-0.013112	 0.998776	-0.049476	 0.000000	 0.000000	 0.000000	 1.000000
197	 0.947253	 0.318356	-0.037794	 0.233618	-0.317608	 0.947921	 0.022434	 0.076628	 0.043015	-0.009255	 0.999032	-0.039338	 0.000000	 0.000000	 0.000000	 1.000000
198	 0.950379	 0.308752	-0.038926	 0.218023	-0.308149	 0.951118	 0.018771	 0.075840	 0.042865	-0.005852	 0.999065	-0.029473	 0.000000	 0.000000	 0.000000	 1.000000
199	 0.952644	 0.301524	-0.040169	 0.204214	-0.301106	 0.953450	 0.014234	 0.075484	 0.042636	-0.001471	 0.999092	-0.021303	 0.000000	 0.000000	 0.000000	 1.000000
200	 0.953798	 0.297818	-0.040413	 0.188245	-0.297490	 0.954615	 0.012075	 0.075606	 0.042219	 0.000500	 0.999111	-0.012363	 0.000000	 0.000000	 0.000000	 1.000000
201	 0.954528	 0.295371	-0.041119	 0.171734	-0.295094	 0.955373	 0.010858	 0.075892	 0.042534	 0.001764	 0.999096	-0.003656	 0.000000	 0.000000	 0.000000	 1.000000
202	 0.954197	 0.296252	-0.042458	 0.157223	-0.295916	 0.955102	 0.012264	 0.075934	 0.044229	 0.000855	 0.999024	 0.003613	 0.000000	 0.000000	 0.000000	 1.000000
203	 0.953408	 0.297864	-0.048473	 0.139930	-0.297516	 0.954598	 0.012775	 0.075998	 0.050120	 0.002237	 0.998744	 0.011867	 0.000000	 0.000000	 0.000000	 1.000000
204	 0.953165	 0.297179	-0.056732	 0.124905	-0.296965	 0.954792	 0.010953	 0.076280	 0.057464	 0.006403	 0.998331	 0.018659	 0.000000	 0.000000	 0.000000	 1.000000
205	 0.953484	 0.294261	-0.065825	 0.104348	-0.294271	 0.955650	 0.008573	 0.076956	 0.065469	 0.011193	 0.997797	 0.027281	 0.000000	 0.000000	 0.000000	 1.000000
206	 0.953456	 0.293518	-0.069449	 0.088618	-0.293587	 0.955862	 0.008323	 0.077595	 0.068866	 0.012451	 0.997554	 0.033349	 0.000000	 0.000000	 0.000000	 1.000000
207	 0.954304	 0.290068	-0.072223	 0.067030	-0.290243	 0.956892	 0.007234	 0.078499	 0.071248	 0.014057	 0.997365	 0.040982	 0.000000	 0.000000	 0.000000	 1.000000
208	 0.954838	 0.288127	-0.072925	 0.050380	-0.288262	 0.957487	 0.007854	 0.079109	 0.072127	 0.013520	 0.997310	 0.046236	 0.000000	 0.000000	 0.000000	 1.000000
209	 0.955885	 0.284072	-0.075082	 0.030349	-0.284205	 0.958697	 0.008136	 0.079706	 0.074330	 0.013559	 0.997147	 0.051990	 0.000000	 0.000000	 0.000000	 1.000000
210	 0.957212	 0.278877	-0.077596	 0.009749	-0.279357	 0.960147	 0.003876	 0.080074	 0.075622	 0.017966	 0.996981	 0.056960	 0.000000	 0.000000	 0.000000	 1.000000
211	 0.958944	 0.272395	-0.079199	-0.011426	-0.273278	 0.961903	-0.001236	 0.080191	 0.075882	 0.022829	 0.996863	 0.061150	 0.000000	 0.000000	 0.000000	 1.000000
212	 0.960904	 0.265686	-0.078228	-0.030177	-0.266799	 0.963709	-0.004852	 0.080013	 0.074136	 0.025534	 0.996929	 0.064048	 0.000000	 0.000000	 0.000000	 1.000000
213	 0.963169	 0.257915	-0.076343	-0.052500	-0.259214	 0.965753	-0.008370	 0.079332	 0.071605	 0.027851	 0.997052	 0.066479	 0.000000	 0.000000	 0.000000	 1.000000
214	 0.965447	 0.250308	-0.072792	-0.075300	-0.251844	 0.967643	-0.013528	 0.078086	 0.067085	 0.031394	 0.997262	 0.067677	 0.000000	 0.000000	 0.000000	 1.000000
215	 0.967882	 0.242528	-0.066519	-0.098661	-0.243910	 0.969662	-0.014394	 0.076678	 0.061044	 0.030157	 0.997687	 0.068125	 0.000000	 0.000000	 0.000000	 1.000000
216	 0.970314	 0.234404	-0.059881	-0.122163	-0.235265	 0.971865	-0.008728	 0.075030	 0.056183	 0.022555	 0.998172	 0.068355	 0.000000	 0.000000	 0.000000	 1.000000
217	 0.972591	 0.225726	-0.056146	-0.142088	-0.226250	 0.974036	-0.004155	 0.073581	 0.053782	 0.016742	 0.998418	 0.068441	 0.000000	 0.000000	 0.000000	 1.000000
218	 0.975650	 0.213194	-0.051868	-0.168244	-0.213478	 0.976925	-0.001049	 0.071625	 0.050477	 0.012094	 0.998657	 0.068462	 0.000000	 0.000000	 0.000000	 1.000000
219	 0.977204	 0.206727	-0.048682	-0.187405	-0.206813	 0.978357	 0.002184	 0.069821	 0.048108	 0.007931	 0.998814	 0.068714	 0.000000	 0.000000	 0.000000	 1.000000
220	 0.978198	 0.202269	-0.047419	-0.209391	-0.202343	 0.979292	 0.002167	 0.067324	 0.046903	 0.007471	 0.998875	 0.069507	 0.000000	 0.000000	 0.000000	 1.000000
221	 0.978993	 0.198257	-0.047952	-0.227945	-0.198357	 0.980108	 0.001608	 0.065393	 0.047343	 0.007935	 0.998851	 0.069993	 0.000000	 0.000000	 0.000000	 1.000000
222	 0.979865	 0.194349	-0.046086	-0.248793	-0.194585	 0.980864	-0.001784	 0.063223	 0.044883	 0.010713	 0.998939	 0.070915	 0.000000	 0.000000	 0.000000	 1.000000
223	 0.980692	 0.190426	-0.044857	-0.266118	-0.190746	 0.981611	-0.004073	 0.061666	 0.043283	 0.012548	 0.998988	 0.072322	 0.000000	 0.000000	 0.000000	 1.000000
224	 0.981571	 0.186108	-0.043721	-0.285507	-0.186425	 0.982440	-0.004410	 0.060315	 0.042158	 0.012476	 0.999037	 0.074239	 0.000000	 0.000000	 0.000000	 1.000000
225	 0.982705	 0.180746	-0.040623	-0.304050	-0.181047	 0.983442	-0.005057	 0.059758	 0.039061	 0.012322	 0.999165	 0.077000	 0.000000	 0.000000	 0.000000	 1.000000
226	 0.984158	 0.173690	-0.035957	-0.321819	-0.173741	 0.984774	 0.000431	 0.060233	 0.035508	 0.005820	 0.999355	 0.080170	 0.000000	 0.000000	 0.000000	 1.000000
227	 0.985761	 0.165420	-0.030645	-0.339110	-0.165279	 0.986215	 0.005643	 0.061596	 0.031179	-0.000502	 0.999515	 0.084112	 0.000000	 0.000000	 0.000000	 1.000000
228	 0.987332	 0.156583	-0.026142	-0.353757	-0.156329	 0.987642	 0.009927	 0.063285	 0.027395	-0.005720	 0.999609	 0.087889	 0.000000	 0.000000	 0.000000	 1.000000
229	 0.988445	 0.149550	-0.025206	-0.370379	-0.149300	 0.988729	 0.009954	 0.065185	 0.026431	-0.006081	 0.999633	 0.093034	 0.000000	 0.000000	 0.000000	 1.000000
230	 0.988590	 0.148230	-0.027228	-0.383984	-0.148077	 0.988944	 0.006126	 0.066633	 0.027855	-0.002029	 0.999611	 0.097951	 0.000000	 0.000000	 0.000000	 1.000000
231	 0.988991	 0.144988	-0.029979	-0.402264	-0.144992	 0.989419	 0.000762	 0.069029	 0.029792	 0.003589	 0.999552	 0.105190	 0.000000	 0.000000	 0.000000	 1.000000
232	 0.989244	 0.143099	-0.030690	-0.415822	-0.143194	 0.989678	-0.002152	 0.070873	 0.030085	 0.006521	 0.999529	 0.111370	 0.000000	 0.000000	 0.000000	 1.000000
233	 0.989739	 0.139950	-0.029185	-0.431770	-0.140103	 0.990113	-0.004566	 0.073445	 0.028277	 0.008605	 0.999566	 0.119416	 0.000000	 0.000000	 0.000000	 1.000000
234	 0.990403	 0.135535	-0.027446	-0.445391	-0.135678	 0.990728	-0.004763	 0.075726	 0.026565	 0.008439	 0.999614	 0.126991	 0.000000	 0.000000	 0.000000	 1.000000
235	 0.991411	 0.128436	-0.025059	-0.459177	-0.128532	 0.991686	-0.003641	 0.078140	 0.024401	 0.006827	 0.999681	 0.135229	 0.000000	 0.000000	 0.000000	 1.000000
236	 0.992694	 0.119367	-0.018122	-0.475084	-0.119369	 0.992839	-0.000878	 0.080839	 0.017904	 0.003031	 0.999837	 0.145177	 0.000000	 0.000000	 0.000000	 1.000000
237	 0.993605	 0.112403	-0.011512	-0.490834	-0.112354	 0.993656	 0.002059	 0.082904	 0.011687	-0.000757	 0.999932	 0.155418	 0.000000	 0.000000	 0.000000	 1.000000
238	 0.994255	 0.106879	-0.007249	-0.504327	-0.106824	 0.994263	 0.003524	 0.084103	 0.007601	-0.002734	 0.999967	 0.164069	 0.000000	 0.000000	 0.000000	 1.000000
239	 0.995343	 0.096274	-0.006214	-0.520092	-0.096212	 0.995338	 0.005600	 0.085041	 0.006738	-0.004981	 0.999964	 0.173757	 0.000000	 0.000000	 0.000000	 1.000000
240	 0.996366	 0.085025	-0.006237	-0.533715	-0.084955	 0.996353	 0.007162	 0.085249	 0.006835	-0.006610	 0.999954	 0.181897	 0.000000	 0.000000	 0.000000	 1.000000
241	 0.997226	 0.074428	-0.003463	-0.549646	-0.074358	 0.997150	 0.012387	 0.084668	 0.004385	-0.012100	 0.999915	 0.191434	 0.000000	 0.000000	 0.000000	 1.000000
242	 0.997660	 0.068445	-0.000403	-0.563109	-0.068405	 0.997488	 0.018223	 0.083703	 0.001658	-0.018159	 0.999831	 0.199512	 0.000000	 0.000000	 0.000000	 1.000000
243	 0.998268	 0.058885	-0.001496	-0.578808	-0.058831	 0.998108	 0.017761	 0.082352	 0.002547	-0.017648	 0.999838	 0.209087	 0.000000	 0.000000	 0.000000	 1.000000
